# Created by Octave 5.2.0, Thu Dec 10 17:37:32 2020 GMT <unknown@LAPTOP-RFMQ4V4B>
# name: C
# type: matrix
# rows: 1
# columns: 100
 1.278572812833578e-12 2.8623462325050522e-12 4.7651814318199883e-12 6.9862670117058264e-12 9.5236613416263862e-12 1.2379558673997756e-11 1.5553195335895357e-11 1.9043731506941233e-11 2.2851570356765362e-11 2.6976877377792644e-11 3.141990157480258e-11 3.6179590649580994e-11 4.1258315901355984e-11 4.6653471854421792e-11 5.2366458288290441e-11 5.8396316590318329e-11 6.4744548661221301e-11 7.1409097482125649e-11 7.8392732828954915e-11 8.5692544370717198e-11 9.3312896856021522e-11 1.0124753343360909e-10 1.0950035375954309e-10 1.1807186781737497e-10 1.2696011912334611e-10 1.3616760361423423e-10 1.4569015242227989e-10 1.5553487071417594e-10 1.6569010955274765e-10 1.7617112062049749e-10 1.8696374553506015e-10 1.9807659203725125e-10 2.0950835214430017e-10 2.2125230793425747e-10 2.3332810803933681e-10 2.4570783051230958e-10 2.5841169692141131e-10 2.7142684959823863e-10 2.8476411587362679e-10 2.9841801875340496e-10 3.1240122899858741e-10 3.2669395164570685e-10 3.4129824167452315e-10 3.5622422011805518e-10 3.7147737054411565e-10 3.8704058346318053e-10 4.0292363319095181e-10 4.1911955861636201e-10 4.3563383979736326e-10 4.5246409787120936e-10 4.6962503170102915e-10 4.870951993455126e-10 5.048914384225674e-10 5.229971026797718e-10 5.4143246737703468e-10 5.60154253107853e-10 5.7922496350756329e-10 5.9860784601733463e-10 6.1831195756662288e-10 6.3832334692653232e-10 6.586381148475232e-10 6.7928806962141797e-10 7.0027379888304951e-10 7.2153649779731904e-10 7.4315808721505939e-10 7.6507615526547973e-10 7.8737272735060657e-10 8.0991908426335316e-10 8.3277349463057852e-10 8.5594952516328305e-10 8.7949846195805539e-10 9.0333085100780975e-10 9.2751376481531575e-10 9.5196082707700434e-10 9.7672472931154201e-10 1.0019235924908202e-09 1.0273551516230081e-09 1.0529407639240515e-09 1.0790464732887976e-09 1.1054271842305185e-09 1.1321409300142928e-09 1.1591628907867067e-09 1.1864763516363383e-09 1.2140860593630012e-09 1.2421824801042746e-09 1.2703831885104391e-09 1.299024312955754e-09 1.328033568015184e-09 1.3572131076796534e-09 1.3867368825974096e-09 1.4166280399887831e-09 1.44681006020784e-09 1.477358309610299e-09 1.5081744041104213e-09 1.5393735519567577e-09 1.570781895217773e-09 1.6026391279974638e-09 1.6349154682593879e-09 1.6670364822094926e-09 1.6997664917854364e-09


